0.019	0.057	0.120	0.207	0.283	0.373	0.416	0.480	0.531	0.619	0.707	0.806	0.882	1.039	1.158	1.262	1.389	1.532	1.595	1.724	1.913	2.100	2.178	2.366	2.394	2.509	2.596	2.739	2.869	2.985	3.025	3.216	3.418	3.629	3.679	3.771	3.870	3.963	4.002	4.149	4.198	4.394	4.489	4.594	4.649	4.738	4.831	5.032	5.105	5.279	5.366	
0.000	0.002	0.044	0.104	0.173	0.253	0.295	0.359	0.401	0.476	0.564	0.663	0.738	0.891	0.998	1.098	1.225	1.355	1.418	1.546	1.735	1.923	2.000	2.189	2.216	2.323	2.404	2.546	2.676	2.790	2.830	3.021	3.207	3.418	3.468	3.560	3.659	3.752	3.791	3.937	3.987	4.183	4.278	4.383	4.438	4.527	4.619	4.821	4.894	5.068	5.155	
0.000	0.000	0.019	0.075	0.144	0.220	0.262	0.326	0.368	0.443	0.531	0.630	0.705	0.855	0.962	1.062	1.188	1.319	1.381	1.510	1.699	1.887	1.964	2.152	2.180	2.283	2.364	2.506	2.636	2.750	2.790	2.981	3.166	3.378	3.428	3.520	3.619	3.712	3.751	3.897	3.947	4.143	4.238	4.343	4.398	4.487	4.579	4.781	4.854	5.028	5.115	
0.000	0.000	0.000	0.009	0.053	0.117	0.149	0.199	0.239	0.314	0.402	0.492	0.551	0.689	0.795	0.895	1.022	1.152	1.215	1.339	1.508	1.693	1.766	1.955	1.981	2.079	2.161	2.302	2.432	2.547	2.586	2.778	2.963	3.174	3.224	3.316	3.406	3.499	3.538	3.685	3.734	3.921	4.010	4.114	4.169	4.258	4.351	4.553	4.625	4.799	4.881	
0.000	0.000	0.000	0.000	0.008	0.048	0.078	0.128	0.167	0.227	0.307	0.392	0.451	0.589	0.691	0.786	0.906	1.028	1.090	1.212	1.381	1.561	1.635	1.823	1.850	1.947	2.029	2.170	2.285	2.395	2.434	2.626	2.811	3.022	3.072	3.164	3.253	3.346	3.384	3.531	3.581	3.767	3.856	3.961	4.016	4.105	4.197	4.399	4.471	4.645	4.723	
0.000	0.000	0.000	0.000	0.000	0.006	0.025	0.061	0.090	0.146	0.213	0.289	0.348	0.472	0.570	0.665	0.775	0.897	0.960	1.082	1.244	1.413	1.487	1.675	1.702	1.799	1.881	2.015	2.128	2.238	2.277	2.469	2.653	2.865	2.915	2.996	3.084	3.177	3.215	3.362	3.412	3.598	3.687	3.792	3.847	3.936	4.028	4.230	4.296	4.470	4.548	
0.000	0.000	0.000	0.000	0.000	0.000	0.001	0.022	0.049	0.092	0.155	0.231	0.290	0.398	0.495	0.591	0.701	0.823	0.886	1.000	1.153	1.323	1.396	1.584	1.611	1.709	1.790	1.924	2.037	2.147	2.186	2.372	2.548	2.759	2.809	2.889	2.977	3.070	3.108	3.255	3.305	3.491	3.580	3.684	3.740	3.829	3.921	4.123	4.188	4.362	4.441	
0.000	0.000	0.000	0.000	0.000	0.000	0.000	0.006	0.023	0.061	0.118	0.191	0.247	0.351	0.449	0.545	0.647	0.769	0.832	0.944	1.096	1.266	1.340	1.524	1.549	1.647	1.728	1.860	1.973	2.083	2.122	2.306	2.481	2.693	2.743	2.822	2.910	3.003	3.042	3.188	3.238	3.425	3.514	3.618	3.673	3.762	3.855	4.053	4.117	4.291	4.369	
0.000	0.000	0.000	0.000	0.000	0.000	0.000	0.000	0.001	0.024	0.077	0.140	0.191	0.296	0.393	0.477	0.577	0.699	0.761	0.873	1.026	1.195	1.269	1.438	1.464	1.561	1.643	1.775	1.888	1.998	2.037	2.221	2.396	2.607	2.657	2.737	2.825	2.918	2.956	3.103	3.153	3.336	3.425	3.529	3.584	3.673	3.766	3.953	4.016	4.190	4.269	
0.000	0.000	0.000	0.000	0.000	0.000	0.000	0.000	0.000	0.003	0.039	0.093	0.136	0.241	0.325	0.405	0.505	0.627	0.685	0.788	0.941	1.111	1.184	1.350	1.375	1.473	1.554	1.681	1.794	1.904	1.943	2.119	2.294	2.506	2.556	2.635	2.723	2.816	2.855	3.001	3.051	3.230	3.319	3.424	3.479	3.568	3.660	3.847	3.911	4.085	4.163	
0.000	0.000	0.000	0.000	0.000	0.000	0.000	0.000	0.000	0.000	0.011	0.051	0.094	0.194	0.270	0.350	0.450	0.564	0.616	0.720	0.872	1.042	1.116	1.280	1.305	1.403	1.478	1.599	1.712	1.822	1.861	2.037	2.212	2.423	2.473	2.553	2.641	2.734	2.772	2.919	2.969	3.141	3.230	3.334	3.389	3.478	3.571	3.757	3.820	3.994	4.073	
0.000	0.000	0.000	0.000	0.000	0.000	0.000	0.000	0.000	0.000	0.000	0.006	0.033	0.105	0.180	0.256	0.351	0.446	0.498	0.602	0.754	0.916	0.980	1.133	1.159	1.256	1.332	1.452	1.565	1.675	1.715	1.890	2.065	2.268	2.311	2.389	2.477	2.570	2.609	2.755	2.798	2.966	3.055	3.159	3.214	3.303	3.396	3.582	3.646	3.820	3.898	
0.000	0.000	0.000	0.000	0.000	0.000	0.000	0.000	0.000	0.000	0.000	0.000	0.005	0.060	0.135	0.194	0.288	0.383	0.435	0.539	0.682	0.836	0.900	1.053	1.079	1.176	1.252	1.373	1.486	1.596	1.635	1.801	1.976	2.171	2.215	2.293	2.380	2.473	2.512	2.659	2.702	2.869	2.958	3.063	3.118	3.207	3.299	3.485	3.549	3.723	3.801	
0.000	0.000	0.000	0.000	0.000	0.000	0.000	0.000	0.000	0.000	0.000	0.000	0.000	0.017	0.071	0.130	0.204	0.299	0.351	0.448	0.581	0.731	0.795	0.948	0.974	1.071	1.146	1.267	1.380	1.485	1.519	1.679	1.854	2.045	2.089	2.167	2.254	2.347	2.386	2.533	2.575	2.743	2.831	2.936	2.991	3.080	3.173	3.349	3.413	3.587	3.665	
0.000	0.000	0.000	0.000	0.000	0.000	0.000	0.000	0.000	0.000	0.000	0.000	0.000	0.000	0.015	0.054	0.124	0.207	0.259	0.345	0.478	0.620	0.680	0.833	0.859	0.951	1.020	1.140	1.253	1.359	1.393	1.552	1.728	1.906	1.950	2.028	2.116	2.209	2.247	2.383	2.425	2.592	2.681	2.786	2.841	2.930	3.022	3.199	3.263	3.437	3.515	
0.000	0.000	0.000	0.000	0.000	0.000	0.000	0.000	0.000	0.000	0.000	0.000	0.000	0.000	0.000	0.003	0.047	0.115	0.156	0.235	0.352	0.485	0.545	0.698	0.723	0.803	0.872	0.989	1.097	1.196	1.230	1.389	1.564	1.739	1.783	1.861	1.949	2.042	2.079	2.202	2.245	2.412	2.501	2.606	2.661	2.749	2.827	3.004	3.067	3.241	3.319	
0.000	0.000	0.000	0.000	0.000	0.000	0.000	0.000	0.000	0.000	0.000	0.000	0.000	0.000	0.000	0.000	0.013	0.064	0.105	0.184	0.283	0.416	0.476	0.613	0.636	0.716	0.785	0.903	1.011	1.109	1.144	1.303	1.478	1.653	1.696	1.774	1.861	1.941	1.975	2.099	2.141	2.308	2.397	2.502	2.557	2.645	2.723	2.900	2.964	3.138	3.216	
0.000	0.000	0.000	0.000	0.000	0.000	0.000	0.000	0.000	0.000	0.000	0.000	0.000	0.000	0.000	0.000	0.000	0.012	0.042	0.096	0.193	0.306	0.367	0.496	0.519	0.599	0.668	0.785	0.880	0.973	1.007	1.166	1.333	1.508	1.551	1.629	1.716	1.796	1.830	1.954	1.996	2.164	2.252	2.357	2.406	2.481	2.559	2.736	2.799	2.974	3.052	
0.000	0.000	0.000	0.000	0.000	0.000	0.000	0.000	0.000	0.000	0.000	0.000	0.000	0.000	0.000	0.000	0.000	0.000	0.007	0.045	0.131	0.239	0.300	0.417	0.441	0.521	0.590	0.706	0.797	0.889	0.923	1.083	1.238	1.413	1.457	1.535	1.622	1.702	1.736	1.859	1.902	2.069	2.158	2.259	2.306	2.382	2.460	2.636	2.700	2.868	2.944	
0.000	0.000	0.000	0.000	0.000	0.000	0.000	0.000	0.000	0.000	0.000	0.000	0.000	0.000	0.000	0.000	0.000	0.000	0.000	0.006	0.067	0.163	0.210	0.328	0.351	0.431	0.494	0.591	0.682	0.775	0.809	0.968	1.118	1.293	1.336	1.414	1.501	1.581	1.615	1.738	1.781	1.944	2.030	2.119	2.167	2.242	2.320	2.496	2.560	2.722	2.798	
0.000	0.000	0.000	0.000	0.000	0.000	0.000	0.000	0.000	0.000	0.000	0.000	0.000	0.000	0.000	0.000	0.000	0.000	0.000	0.000	0.018	0.090	0.137	0.252	0.275	0.340	0.397	0.493	0.584	0.677	0.711	0.856	0.995	1.170	1.214	1.292	1.379	1.458	1.492	1.616	1.658	1.821	1.906	1.995	2.043	2.118	2.196	2.366	2.429	2.575	2.651	
0.000	0.000	0.000	0.000	0.000	0.000	0.000	0.000	0.000	0.000	0.000	0.000	0.000	0.000	0.000	0.000	0.000	0.000	0.000	0.000	0.000	0.017	0.051	0.134	0.155	0.218	0.274	0.368	0.453	0.540	0.569	0.696	0.835	1.010	1.054	1.124	1.199	1.279	1.313	1.436	1.479	1.633	1.709	1.798	1.845	1.920	1.998	2.169	2.232	2.378	2.454	
0.000	0.000	0.000	0.000	0.000	0.000	0.000	0.000	0.000	0.000	0.000	0.000	0.000	0.000	0.000	0.000	0.000	0.000	0.000	0.000	0.000	0.000	0.004	0.059	0.080	0.143	0.191	0.266	0.352	0.430	0.459	0.586	0.726	0.886	0.923	0.987	1.063	1.142	1.176	1.300	1.342	1.496	1.572	1.662	1.709	1.784	1.862	2.032	2.096	2.241	2.317	
0.000	0.000	0.000	0.000	0.000	0.000	0.000	0.000	0.000	0.000	0.000	0.000	0.000	0.000	0.000	0.000	0.000	0.000	0.000	0.000	0.000	0.000	0.000	0.017	0.036	0.081	0.124	0.197	0.266	0.341	0.370	0.497	0.637	0.775	0.812	0.876	0.952	1.032	1.065	1.189	1.231	1.385	1.462	1.551	1.598	1.673	1.751	1.921	1.980	2.125	2.192	
0.000	0.000	0.000	0.000	0.000	0.000	0.000	0.000	0.000	0.000	0.000	0.000	0.000	0.000	0.000	0.000	0.000	0.000	0.000	0.000	0.000	0.000	0.000	0.000	0.000	0.027	0.065	0.124	0.188	0.263	0.292	0.414	0.540	0.678	0.715	0.779	0.855	0.934	0.968	1.092	1.134	1.270	1.346	1.435	1.482	1.557	1.635	1.805	1.864	2.009	2.076	
0.000	0.000	0.000	0.000	0.000	0.000	0.000	0.000	0.000	0.000	0.000	0.000	0.000	0.000	0.000	0.000	0.000	0.000	0.000	0.000	0.000	0.000	0.000	0.000	0.000	0.010	0.039	0.091	0.154	0.229	0.258	0.373	0.498	0.637	0.674	0.738	0.813	0.893	0.927	1.050	1.085	1.220	1.296	1.385	1.432	1.507	1.586	1.756	1.814	1.959	2.026	
0.000	0.000	0.000	0.000	0.000	0.000	0.000	0.000	0.000	0.000	0.000	0.000	0.000	0.000	0.000	0.000	0.000	0.000	0.000	0.000	0.000	0.000	0.000	0.000	0.000	0.000	0.007	0.043	0.107	0.172	0.201	0.310	0.426	0.565	0.602	0.666	0.741	0.821	0.855	0.962	0.998	1.133	1.209	1.298	1.345	1.420	1.498	1.668	1.727	1.872	1.939	
0.000	0.000	0.000	0.000	0.000	0.000	0.000	0.000	0.000	0.000	0.000	0.000	0.000	0.000	0.000	0.000	0.000	0.000	0.000	0.000	0.000	0.000	0.000	0.000	0.000	0.000	0.000	0.005	0.046	0.104	0.128	0.223	0.327	0.466	0.503	0.567	0.641	0.708	0.737	0.838	0.873	1.008	1.084	1.173	1.220	1.295	1.374	1.529	1.584	1.729	1.796	
0.000	0.000	0.000	0.000	0.000	0.000	0.000	0.000	0.000	0.000	0.000	0.000	0.000	0.000	0.000	0.000	0.000	0.000	0.000	0.000	0.000	0.000	0.000	0.000	0.000	0.000	0.000	0.000	0.014	0.059	0.083	0.164	0.268	0.398	0.435	0.499	0.569	0.636	0.665	0.765	0.800	0.936	1.012	1.101	1.148	1.223	1.298	1.443	1.498	1.643	1.710	
0.000	0.000	0.000	0.000	0.000	0.000	0.000	0.000	0.000	0.000	0.000	0.000	0.000	0.000	0.000	0.000	0.000	0.000	0.000	0.000	0.000	0.000	0.000	0.000	0.000	0.000	0.000	0.000	0.000	0.013	0.032	0.096	0.200	0.311	0.348	0.412	0.483	0.549	0.578	0.679	0.714	0.849	0.925	1.014	1.060	1.129	1.194	1.339	1.393	1.539	1.606	
0.000	0.000	0.000	0.000	0.000	0.000	0.000	0.000	0.000	0.000	0.000	0.000	0.000	0.000	0.000	0.000	0.000	0.000	0.000	0.000	0.000	0.000	0.000	0.000	0.000	0.000	0.000	0.000	0.000	0.000	0.000	0.046	0.134	0.243	0.280	0.336	0.399	0.466	0.495	0.595	0.630	0.765	0.841	0.928	0.967	1.028	1.092	1.237	1.292	1.437	1.504	
0.000	0.000	0.000	0.000	0.000	0.000	0.000	0.000	0.000	0.000	0.000	0.000	0.000	0.000	0.000	0.000	0.000	0.000	0.000	0.000	0.000	0.000	0.000	0.000	0.000	0.000	0.000	0.000	0.000	0.000	0.000	0.013	0.081	0.183	0.214	0.264	0.327	0.393	0.422	0.523	0.558	0.689	0.762	0.836	0.875	0.937	1.000	1.145	1.200	1.345	1.412	
0.000	0.000	0.000	0.000	0.000	0.000	0.000	0.000	0.000	0.000	0.000	0.000	0.000	0.000	0.000	0.000	0.000	0.000	0.000	0.000	0.000	0.000	0.000	0.000	0.000	0.000	0.000	0.000	0.000	0.000	0.000	0.000	0.020	0.092	0.123	0.173	0.236	0.300	0.328	0.416	0.444	0.569	0.639	0.712	0.752	0.813	0.877	1.021	1.076	1.205	1.269	
0.000	0.000	0.000	0.000	0.000	0.000	0.000	0.000	0.000	0.000	0.000	0.000	0.000	0.000	0.000	0.000	0.000	0.000	0.000	0.000	0.000	0.000	0.000	0.000	0.000	0.000	0.000	0.000	0.000	0.000	0.000	0.000	0.000	0.017	0.041	0.077	0.127	0.181	0.205	0.282	0.310	0.413	0.476	0.550	0.589	0.650	0.714	0.853	0.907	1.024	1.089	
0.000	0.000	0.000	0.000	0.000	0.000	0.000	0.000	0.000	0.000	0.000	0.000	0.000	0.000	0.000	0.000	0.000	0.000	0.000	0.000	0.000	0.000	0.000	0.000	0.000	0.000	0.000	0.000	0.000	0.000	0.000	0.000	0.000	0.000	0.001	0.023	0.061	0.105	0.129	0.194	0.222	0.315	0.378	0.452	0.485	0.540	0.603	0.741	0.787	0.904	0.969	
0.000	0.000	0.000	0.000	0.000	0.000	0.000	0.000	0.000	0.000	0.000	0.000	0.000	0.000	0.000	0.000	0.000	0.000	0.000	0.000	0.000	0.000	0.000	0.000	0.000	0.000	0.000	0.000	0.000	0.000	0.000	0.000	0.000	0.000	0.000	0.007	0.037	0.079	0.098	0.162	0.184	0.276	0.339	0.408	0.440	0.494	0.558	0.695	0.741	0.857	0.922	
0.000	0.000	0.000	0.000	0.000	0.000	0.000	0.000	0.000	0.000	0.000	0.000	0.000	0.000	0.000	0.000	0.000	0.000	0.000	0.000	0.000	0.000	0.000	0.000	0.000	0.000	0.000	0.000	0.000	0.000	0.000	0.000	0.000	0.000	0.000	0.000	0.010	0.041	0.060	0.116	0.136	0.228	0.291	0.350	0.381	0.436	0.500	0.636	0.682	0.799	0.864	
0.000	0.000	0.000	0.000	0.000	0.000	0.000	0.000	0.000	0.000	0.000	0.000	0.000	0.000	0.000	0.000	0.000	0.000	0.000	0.000	0.000	0.000	0.000	0.000	0.000	0.000	0.000	0.000	0.000	0.000	0.000	0.000	0.000	0.000	0.000	0.000	0.000	0.009	0.023	0.065	0.085	0.176	0.227	0.285	0.317	0.371	0.435	0.558	0.604	0.721	0.785	
0.000	0.000	0.000	0.000	0.000	0.000	0.000	0.000	0.000	0.000	0.000	0.000	0.000	0.000	0.000	0.000	0.000	0.000	0.000	0.000	0.000	0.000	0.000	0.000	0.000	0.000	0.000	0.000	0.000	0.000	0.000	0.000	0.000	0.000	0.000	0.000	0.000	0.000	0.001	0.029	0.050	0.128	0.178	0.237	0.268	0.323	0.383	0.497	0.542	0.659	0.724	
0.000	0.000	0.000	0.000	0.000	0.000	0.000	0.000	0.000	0.000	0.000	0.000	0.000	0.000	0.000	0.000	0.000	0.000	0.000	0.000	0.000	0.000	0.000	0.000	0.000	0.000	0.000	0.000	0.000	0.000	0.000	0.000	0.000	0.000	0.000	0.000	0.000	0.000	0.000	0.005	0.018	0.078	0.128	0.186	0.218	0.265	0.315	0.428	0.474	0.590	0.646	
0.000	0.000	0.000	0.000	0.000	0.000	0.000	0.000	0.000	0.000	0.000	0.000	0.000	0.000	0.000	0.000	0.000	0.000	0.000	0.000	0.000	0.000	0.000	0.000	0.000	0.000	0.000	0.000	0.000	0.000	0.000	0.000	0.000	0.000	0.000	0.000	0.000	0.000	0.000	0.000	0.001	0.049	0.099	0.148	0.178	0.225	0.274	0.387	0.433	0.541	0.594	
0.000	0.000	0.000	0.000	0.000	0.000	0.000	0.000	0.000	0.000	0.000	0.000	0.000	0.000	0.000	0.000	0.000	0.000	0.000	0.000	0.000	0.000	0.000	0.000	0.000	0.000	0.000	0.000	0.000	0.000	0.000	0.000	0.000	0.000	0.000	0.000	0.000	0.000	0.000	0.000	0.000	0.015	0.053	0.095	0.119	0.160	0.209	0.316	0.362	0.457	0.510	
0.000	0.000	0.000	0.000	0.000	0.000	0.000	0.000	0.000	0.000	0.000	0.000	0.000	0.000	0.000	0.000	0.000	0.000	0.000	0.000	0.000	0.000	0.000	0.000	0.000	0.000	0.000	0.000	0.000	0.000	0.000	0.000	0.000	0.000	0.000	0.000	0.000	0.000	0.000	0.000	0.000	0.000	0.010	0.038	0.060	0.101	0.146	0.240	0.286	0.377	0.430	
0.000	0.000	0.000	0.000	0.000	0.000	0.000	0.000	0.000	0.000	0.000	0.000	0.000	0.000	0.000	0.000	0.000	0.000	0.000	0.000	0.000	0.000	0.000	0.000	0.000	0.000	0.000	0.000	0.000	0.000	0.000	0.000	0.000	0.000	0.000	0.000	0.000	0.000	0.000	0.000	0.000	0.000	0.000	0.001	0.016	0.042	0.077	0.159	0.196	0.283	0.337	
0.000	0.000	0.000	0.000	0.000	0.000	0.000	0.000	0.000	0.000	0.000	0.000	0.000	0.000	0.000	0.000	0.000	0.000	0.000	0.000	0.000	0.000	0.000	0.000	0.000	0.000	0.000	0.000	0.000	0.000	0.000	0.000	0.000	0.000	0.000	0.000	0.000	0.000	0.000	0.000	0.000	0.000	0.000	0.000	0.005	0.028	0.062	0.140	0.177	0.265	0.318	
0.000	0.000	0.000	0.000	0.000	0.000	0.000	0.000	0.000	0.000	0.000	0.000	0.000	0.000	0.000	0.000	0.000	0.000	0.000	0.000	0.000	0.000	0.000	0.000	0.000	0.000	0.000	0.000	0.000	0.000	0.000	0.000	0.000	0.000	0.000	0.000	0.000	0.000	0.000	0.000	0.000	0.000	0.000	0.000	0.000	0.004	0.024	0.086	0.123	0.211	0.262	
0.000	0.000	0.000	0.000	0.000	0.000	0.000	0.000	0.000	0.000	0.000	0.000	0.000	0.000	0.000	0.000	0.000	0.000	0.000	0.000	0.000	0.000	0.000	0.000	0.000	0.000	0.000	0.000	0.000	0.000	0.000	0.000	0.000	0.000	0.000	0.000	0.000	0.000	0.000	0.000	0.000	0.000	0.000	0.000	0.000	0.000	0.002	0.048	0.086	0.167	0.209	
0.000	0.000	0.000	0.000	0.000	0.000	0.000	0.000	0.000	0.000	0.000	0.000	0.000	0.000	0.000	0.000	0.000	0.000	0.000	0.000	0.000	0.000	0.000	0.000	0.000	0.000	0.000	0.000	0.000	0.000	0.000	0.000	0.000	0.000	0.000	0.000	0.000	0.000	0.000	0.000	0.000	0.000	0.000	0.000	0.000	0.000	0.000	0.012	0.040	0.099	0.142	
0.000	0.000	0.000	0.000	0.000	0.000	0.000	0.000	0.000	0.000	0.000	0.000	0.000	0.000	0.000	0.000	0.000	0.000	0.000	0.000	0.000	0.000	0.000	0.000	0.000	0.000	0.000	0.000	0.000	0.000	0.000	0.000	0.000	0.000	0.000	0.000	0.000	0.000	0.000	0.000	0.000	0.000	0.000	0.000	0.000	0.000	0.000	0.000	0.007	0.053	0.095	
0.000	0.000	0.000	0.000	0.000	0.000	0.000	0.000	0.000	0.000	0.000	0.000	0.000	0.000	0.000	0.000	0.000	0.000	0.000	0.000	0.000	0.000	0.000	0.000	0.000	0.000	0.000	0.000	0.000	0.000	0.000	0.000	0.000	0.000	0.000	0.000	0.000	0.000	0.000	0.000	0.000	0.000	0.000	0.000	0.000	0.000	0.000	0.000	0.000	0.009	0.040	
0.000	0.000	0.000	0.000	0.000	0.000	0.000	0.000	0.000	0.000	0.000	0.000	0.000	0.000	0.000	0.000	0.000	0.000	0.000	0.000	0.000	0.000	0.000	0.000	0.000	0.000	0.000	0.000	0.000	0.000	0.000	0.000	0.000	0.000	0.000	0.000	0.000	0.000	0.000	0.000	0.000	0.000	0.000	0.000	0.000	0.000	0.000	0.000	0.000	0.000	0.011	
